tdiff_-40           =  1.065834e-04 targ=  1.165906e-04 trig=  1.000722e-05
tdiff_-30           =  9.643573e-05 targ=  1.064430e-04 trig=  1.000722e-05
tdiff_-20           =  8.827366e-05 targ=  9.828089e-05 trig=  1.000722e-05
tdiff_-10           =  8.159120e-05 targ=  9.159842e-05 trig=  1.000722e-05
tdiff_0             =  7.602443e-05 targ=  8.603165e-05 trig=  1.000722e-05
tdiff_10            =  7.131970e-05 targ=  8.132692e-05 trig=  1.000722e-05
tdiff_20            =  6.729225e-05 targ=  7.729947e-05 trig=  1.000722e-05
tdiff_30            =  6.381804e-05 targ=  7.382527e-05 trig=  1.000722e-05
tdiff_40            =  6.079867e-05 targ=  7.080589e-05 trig=  1.000722e-05
tdiff_50            =  5.816022e-05 targ=  6.816745e-05 trig=  1.000722e-05
tdiff_60            =  5.584564e-05 targ=  6.585286e-05 trig=  1.000722e-05
tdiff_70            =  5.379982e-05 targ=  6.380704e-05 trig=  1.000722e-05
tdiff_80            =  5.199127e-05 targ=  6.199849e-05 trig=  1.000722e-05
tdiff_90            =  5.038586e-05 targ=  6.039308e-05 trig=  1.000722e-05
tdiff_100           =  4.895860e-05 targ=  5.896582e-05 trig=  1.000722e-05
tdiff_110           =  4.768844e-05 targ=  5.769566e-05 trig=  1.000722e-05
tdiff_120           =  4.655962e-05 targ=  5.656684e-05 trig=  1.000722e-05
tdiff_-40           =  1.065834e-04 targ=  1.165906e-04 trig=  1.000722e-05
tdiff_-30           =  9.643573e-05 targ=  1.064430e-04 trig=  1.000722e-05
tdiff_-20           =  8.827366e-05 targ=  9.828089e-05 trig=  1.000722e-05
tdiff_-10           =  8.159120e-05 targ=  9.159842e-05 trig=  1.000722e-05
tdiff_0             =  7.602443e-05 targ=  8.603165e-05 trig=  1.000722e-05
tdiff_10            =  7.131970e-05 targ=  8.132692e-05 trig=  1.000722e-05
tdiff_20            =  6.729225e-05 targ=  7.729947e-05 trig=  1.000722e-05
tdiff_30            =  6.381804e-05 targ=  7.382527e-05 trig=  1.000722e-05
tdiff_40            =  6.079867e-05 targ=  7.080589e-05 trig=  1.000722e-05
tdiff_50            =  5.816022e-05 targ=  6.816745e-05 trig=  1.000722e-05
tdiff_60            =  5.584564e-05 targ=  6.585286e-05 trig=  1.000722e-05
tdiff_70            =  5.379982e-05 targ=  6.380704e-05 trig=  1.000722e-05
tdiff_80            =  5.199127e-05 targ=  6.199849e-05 trig=  1.000722e-05
tdiff_90            =  5.038586e-05 targ=  6.039308e-05 trig=  1.000722e-05
tdiff_100           =  4.895860e-05 targ=  5.896582e-05 trig=  1.000722e-05
tdiff_110           =  4.768844e-05 targ=  5.769566e-05 trig=  1.000722e-05
tdiff_120           =  4.655962e-05 targ=  5.656684e-05 trig=  1.000722e-05
tdiff_-40           =  1.065834e-04 targ=  1.165906e-04 trig=  1.000722e-05
tdiff_-30           =  9.643573e-05 targ=  1.064430e-04 trig=  1.000722e-05
tdiff_-20           =  8.827366e-05 targ=  9.828089e-05 trig=  1.000722e-05
tdiff_-10           =  8.159120e-05 targ=  9.159842e-05 trig=  1.000722e-05
tdiff_0             =  7.602443e-05 targ=  8.603165e-05 trig=  1.000722e-05
tdiff_10            =  7.131970e-05 targ=  8.132692e-05 trig=  1.000722e-05
tdiff_20            =  6.729225e-05 targ=  7.729947e-05 trig=  1.000722e-05
tdiff_30            =  6.381804e-05 targ=  7.382527e-05 trig=  1.000722e-05
tdiff_40            =  6.079867e-05 targ=  7.080589e-05 trig=  1.000722e-05
tdiff_50            =  5.816022e-05 targ=  6.816745e-05 trig=  1.000722e-05
tdiff_60            =  5.584564e-05 targ=  6.585286e-05 trig=  1.000722e-05
tdiff_70            =  5.379982e-05 targ=  6.380704e-05 trig=  1.000722e-05
tdiff_80            =  5.199127e-05 targ=  6.199849e-05 trig=  1.000722e-05
tdiff_90            =  5.038586e-05 targ=  6.039308e-05 trig=  1.000722e-05
tdiff_100           =  4.895860e-05 targ=  5.896582e-05 trig=  1.000722e-05
tdiff_110           =  4.768844e-05 targ=  5.769566e-05 trig=  1.000722e-05
tdiff_120           =  4.655962e-05 targ=  5.656684e-05 trig=  1.000722e-05
