f3db: 100339.2
gm_db: -19.27046
i(vss): 1.216142e-05
idd: 1.262014e-05
lf_gain: 45.67333
pm_deg: 62.7486
ug: 18070850.0
