i(i10): 5.461518e-06
i(i11): 5.437449e-06
i(i12): 5.441063e-06
i(i13): 5.44105e-06
i(i14): 1.329191e-05
i(i16): 5.440874e-06
i(i2): 4.044551e-06
i(i3): 2.057697e-06
i(i4): 1.980601e-06
i(i5): 1.983026e-06
i(i6): 2.05412e-06
i(i7): 4.269734e-06
i(i8): 5.477619e-06
i(i9): 5.441046e-06
v(s1): 0.9051173
v(s10): 0.5556927
v(s11): 0.4557031
v(s12): 0.2528765
v(s13): 0.252836
v(s14): 0.4575928
v(s16): 0.252287
v(s2): 0.0244666
v(s3): 0.704706
v(s4): 0.912119
v(s5): 0.6424818
v(s6): 0.8454858
v(s7): 0.6203333
v(s8): 0.3135019
v(s9): 0.2528201
v(vbjt1): 0.7240858
v(vds1): 0.9734155
v(vds10): 0.7196647
v(vds11): 0.6196487
v(vds12): 0.4563046
v(vds13): 0.456264
v(vds14): 0.6067314
v(vds16): 0.4557151
v(vds2): 0.07989149
v(vds3): 0.8244068
v(vds4): 1.027449
v(vds5): 0.6926576
v(vds6): 0.8956997
v(vds7): 0.7679378
v(vds8): 0.6240825
v(vds9): 0.4562482
v(vgs1): 0.973416
v(vgs10): 1.153008
v(vgs11): 1.152993
v(vgs12): 1.175914
v(vgs13): 1.175914
v(vgs14): 1.175914
v(vgs16): 1.175914
v(vgs2): 0.9734161
v(vgs3): 1.000551
v(vgs4): 0.9960219
v(vgs5): 0.692658
v(vgs6): 0.6926579
v(vgs7): 0.7679388
v(vgs8): 0.8956989
v(vgs9): 1.175914
v(vo): 0.8957005
v(vref): 1.193268
v(vro0): 0.7195567
