f3db: 737191.0
gm_db: -29.40179
i(vss): 5.911163e-05
idd: 5.911163e-05
lf_gain: 22.8324
pm_deg: 67.44141
ug: 9856805.0
