f3db: 11259.79
gm_db: -45.06249
i(vss): 3.477405e-05
idd: 3.477405e-05
lf_gain: 22.08369
pm_deg: 95.16765
ug: 142559.3
