f3db: 2197669.0
gm_db: -22.38864
i(vss): 9.528041e-05
idd: 9.528041e-05
lf_gain: 20.21382
pm_deg: 51.3245
ug: 20059760.0
