f3db: 617823.7
gm_db: -32.07848
i(vss): 4.354875e-05
idd: 4.354875e-05
lf_gain: 23.81272
pm_deg: 70.55584
ug: 9280354.0
