f3db: 2065344.0
gm_db: -21.71022
i(vss): 8.455013e-05
idd: 8.455013e-05
lf_gain: 20.00219
pm_deg: 53.68533
ug: 19016810.0
