f3db: 1563377.0
gm_db: -23.88479
i(vss): 8.291495e-05
idd: 8.291495e-05
lf_gain: 20.20652
pm_deg: 58.53429
ug: 15053460.0
