f3db: 362772.5
gm_db: -36.80899
i(vss): 5.448224e-05
idd: 5.448224e-05
lf_gain: 22.52376
pm_deg: 80.48748
ug: 4883650.0
