f3db: 399238.3
gm_db: -34.75069
i(vss): 3.956238e-05
idd: 3.956238e-05
lf_gain: 23.76812
pm_deg: 78.55841
ug: 6129488.0
