f3db: 330344.7
gm_db: -36.41263
i(vss): 4.305086e-05
idd: 4.305086e-05
lf_gain: 23.72179
pm_deg: 79.79137
ug: 5059247.0
