f3db: 123292.7
gm_db: -38.69552
i(vss): 3.507303e-05
idd: 3.507303e-05
lf_gain: 22.07287
pm_deg: 91.10967
ug: 1571751.0
