f3db: 1447758.0
gm_db: -23.13122
i(vss): 6.203533e-05
idd: 6.203533e-05
lf_gain: 22.38738
pm_deg: 55.82048
ug: 17305440.0
