f3db: 11248.86
gm_db: -45.3205
i(vss): 3.545669e-05
idd: 3.545669e-05
lf_gain: 21.98417
pm_deg: 95.15295
ug: 140804.9
