f3db: 2602678.0
gm_db: -22.7112
i(vss): 7.050348e-05
idd: 7.050348e-05
lf_gain: 16.84457
pm_deg: 59.72746
ug: 17927540.0
