f3db: 76409.47
gm_db: -40.21344
i(vss): 3.864112e-05
idd: 3.864112e-05
lf_gain: 22.49946
pm_deg: 92.38058
ug: 1021253.0
