f3db: 1091787.0
gm_db: -25.28221
i(vss): 6.044319e-05
idd: 6.044319e-05
lf_gain: 22.77138
pm_deg: 60.34373
ug: 14000560.0
