f3db: 1209032.0
gm_db: -24.77765
i(vss): 7.923244e-05
idd: 7.923244e-05
lf_gain: 20.70575
pm_deg: 62.02007
ug: 12550000.0
