f3db: 647188.8
gm_db: -31.22328
i(vss): 5.52076e-05
idd: 5.52076e-05
lf_gain: 22.78932
pm_deg: 71.54896
ug: 8764824.0
