f3db: 2438970.0
gm_db: -21.37238
i(vss): 9.229639e-05
idd: 9.229639e-05
lf_gain: 19.5126
pm_deg: 51.8459
ug: 21037650.0
