f3db: 1495148.0
gm_db: -23.92253
i(vss): 6.607302e-05
idd: 6.607302e-05
lf_gain: 22.25113
pm_deg: 55.52585
ug: 17469300.0
