f3db: 1859716.0
gm_db: -21.69288
i(vss): 6.821661e-05
idd: 6.821661e-05
lf_gain: 21.9876
pm_deg: 51.54428
ug: 20611870.0
