f3db: 1677907.0
gm_db: -22.82199
i(vss): 7.977307e-05
idd: 7.977307e-05
lf_gain: 20.34457
pm_deg: 57.3884
ug: 16382380.0
