f3db: 1913403.0
gm_db: -23.61644
i(vss): 8.996364e-05
idd: 8.996364e-05
lf_gain: 19.851
pm_deg: 55.74178
ug: 17377780.0
