f3db: 990225.1
gm_db: -27.3418
i(vss): 5.559154e-05
idd: 5.559154e-05
lf_gain: 22.48038
pm_deg: 64.52156
ug: 12562700.0
