f3db: 89608.16
gm_db: -39.62972
i(vss): 3.457819e-05
idd: 3.457819e-05
lf_gain: 22.55244
pm_deg: 92.11406
ug: 1204653.0
