f3db: 34689.08
gm_db: -45.84752
i(vss): 3.49519e-05
idd: 3.49519e-05
lf_gain: 21.91708
pm_deg: 93.31114
ug: 432716.0
