f3db: 2191523.0
gm_db: -23.07285
i(vss): 8.209615e-05
idd: 8.209615e-05
lf_gain: 18.33707
pm_deg: 58.54425
ug: 17462430.0
