f3db: 1342096.0
gm_db: -25.13904
i(vss): 8.216681e-05
idd: 8.216681e-05
lf_gain: 21.32584
pm_deg: 58.53455
ug: 14453030.0
