f3db: 3608214.0
gm_db: -21.54411
i(vss): 8.664919e-05
idd: 8.664919e-05
lf_gain: 15.95001
pm_deg: 55.95747
ug: 22343580.0
