f3db: 187343.4
gm_db: -37.93844
i(vss): 3.847706e-05
idd: 3.847706e-05
lf_gain: 23.07446
pm_deg: 87.54261
ug: 2684513.0
