f3db: 1109716.0
gm_db: -25.69114
i(vss): 6.299518e-05
idd: 6.299518e-05
lf_gain: 22.51217
pm_deg: 59.70453
ug: 13712700.0
