f3db: 2923194.0
gm_db: -21.47863
i(vss): 9.704635e-05
idd: 9.704635e-05
lf_gain: 17.56662
pm_deg: 54.29091
ug: 21103610.0
