f3db: 1267489.0
gm_db: -24.5938
i(vss): 7.6809e-05
idd: 7.6809e-05
lf_gain: 20.60782
pm_deg: 61.38758
ug: 12965430.0
