f3db: 989668.4
gm_db: -26.95415
i(vss): 4.552909e-05
idd: 4.552909e-05
lf_gain: 24.00667
pm_deg: 60.83806
ug: 14409560.0
