f3db: 2575742.0
gm_db: -22.96023
i(vss): 8.576823e-05
idd: 8.576823e-05
lf_gain: 17.7615
pm_deg: 57.21347
ug: 19166840.0
