f3db: 4821.431
gm_db: -46.76123
i(vss): 4.668319e-05
idd: 4.668319e-05
lf_gain: 22.85051
pm_deg: 94.88941
ug: 66687.97
